32 0.188298 0.787437 0.0595745 0.0621827 0.258466
32 0.245745 0.808376 0.310638 0.13198 0.259793
32 0.871809 0.872462 0.043617 0.0672589 0.259904
32 0.178723 0.807107 0.0446809 0.0507614 0.345911
32 0.684574 0.816624 0.0521277 0.0571066 0.354355
32 0.380851 0.906091 0.0617021 0.0609137 0.445139
32 0.770745 0.758883 0.0457447 0.0456853 0.450718
32 0.828192 0.786168 0.0734043 0.072335 0.501158
32 0.244681 0.853426 0.0446809 0.0545685 0.572898
32 0.708511 0.855964 0.0489362 0.0545685 0.584151
32 0.846808 0.799492 0.0638298 0.0482234 0.615898
32 0.760106 0.801396 0.043617 0.0571066 0.700745
