32 0.18883 0.785533 0.0606383 0.0583756 0.2603
32 0.245745 0.808376 0.308511 0.129442 0.267824
32 0.178723 0.807107 0.0446809 0.0507614 0.327827
32 0.684574 0.816624 0.0521277 0.0571066 0.376453
32 0.771277 0.758883 0.0446809 0.0456853 0.398478
32 0.380851 0.906091 0.0617021 0.0609137 0.416995
32 0.828723 0.786802 0.0744681 0.071066 0.490784
32 0.244681 0.854061 0.0446809 0.0558376 0.54729
32 0.709043 0.855964 0.0478723 0.0545685 0.586021
32 0.846808 0.800127 0.0617021 0.0494924 0.620711
32 0.759574 0.801396 0.0425532 0.0571066 0.710504
