49 0.0789063 0.528906 0.05 0.126563 0.296467
47 0.329688 0.657812 0.05625 0.134375 0.317703
49 0.277344 0.576953 0.0515625 0.0929687 0.352959
47 0.834766 0.572656 0.114844 0.104687 0.360423
49 0.329297 0.667578 0.0539063 0.119531 0.388854
47 0.256641 0.550781 0.0835937 0.107813 0.401159
47 0.278125 0.574609 0.05 0.0945313 0.448014
49 0.710938 0.580859 0.0734375 0.0898438 0.50899
49 0.417969 0.721484 0.114063 0.100781 0.545961
47 0.566016 0.716406 0.108594 0.109375 0.593479
49 0.162109 0.58125 0.105469 0.09375 0.651067
